2026-4-23
78257.7 78185.1 78611.5 76982.8
2026-4-24
77431.8 78257.7 78526.3 77297.1
2026-4-25
77623.2 77431.8 77888.1 77201.6
2026-4-26
78641.1 77623.6 78895.9 77333.8
2026-4-27
77373.1 78641.4 79461.7 76519.3
2026-4-28
76346.2 77373.1 77467.8 75675.9
2026-4-29
75771.6 76346.1 77882.4 74981.4
2026-4-30
76316.6 75775.1 76636.2 75337.4
2026-5-1
78229.8 76325.0 78860.1 76325.0
2026-5-2
78684.9 78229.9 79117.2 78039.6
2026-5-3
78565.5 78684.9 79402.1 78083.0
2026-5-4
79828.2 78565.5 80684.8 78224.2
2026-5-5
80908.1 79828.1 81752.5 79812.5
2026-5-6
81444.6 80907.8 82791.3 80799.0
2026-5-7
80025.3 81439.3 81703.2 79566.5
2026-5-8
80196.8 80019.1 80404.9 79274.1
2026-5-9
80677.8 80195.4 81058.2 80130.0
2026-5-10
82190.9 80689.2 82431.7 80313.0
2026-5-11
81741.2 82190.7 82288.5 80528.7
2026-5-12
80498.4 81741.3 81775.2 79858.0
2026-5-13
79309.1 80498.1 81307.9 78755.6
2026-5-14
81080.4 79309.1 82029.4 78939.4
2026-5-15
79099.5 81080.4 81642.3 78694.1
2026-5-16
78156.8 79099.4 79221.0 77680.4
2026-5-17
77456.8 78204.6 78578.0 76874.6
2026-5-18
76993.7 77351.4 77769.2 76066.0
2026-5-19
76820.4 76976.3 77384.3 76171.7
2026-5-20
77536.0 76828.9 77790.5 76518.9
2026-5-21
77603.6 77530.9 78165.2 76728.9
2026-5-22
75525.8 77557.4 77883.2 75418.0
2026-5-23
75570.6 75512.0 75570.6 75512.0